7.391264600461693035e-02
-3.597503249539398679e-02
3.734647661658387161e-03
-3.623753625498882681e-03
5.986265265656480700e-04
4.454728237817772232e-03
-3.401989115510908792e-03
-5.674569346592269609e-03
3.505942192882024761e-03
4.294293813790322697e-03
-3.742514575148193998e-03
-3.793263505420491977e-04
-1.420986627617689324e-03
-9.455759663013394399e-04
8.315498078600916387e-02
-1.958715783167554181e-02
-1.802189555691101038e-03
-3.489261910478199790e-03
-1.295706008705112787e-02
4.847659818413068908e-03
5.420324097518172375e-04
-3.398776077672643978e-03
-3.391831289808854098e-03
-1.897074696684795470e-03
-6.683811794475744313e-03
3.336030935177408847e-03
3.981334653001272414e-03
7.163749528222417007e-02
-2.195043731619687050e-02
-7.433093739218659367e-03
-1.828443333287160365e-03
-1.487002157665781761e-03
1.882318116313058155e-03
-5.406410410073650766e-03
4.396225359000675674e-03
-5.495222336518513703e-03
1.410904306660098291e-03
-1.272562709878850016e-03
1.062966488687819852e-03
7.182530899548562886e-02
-2.256683897535688085e-02
-8.139200092780941864e-03
4.659421704701832007e-03
-3.936689180706017151e-03
-1.161861393286005035e-03
-4.747449611205029887e-04
4.774598156490642183e-03
6.803367354223964015e-04
-4.270433170640153611e-03
-2.418806104868958910e-03
7.833136968673753975e-02
-2.089974863973499686e-02
-9.396922103799082437e-03
3.233263920952085101e-03
-2.355740788621928008e-03
-4.467753878401696521e-04
-2.380870857352168635e-03
-9.489970532422551492e-04
1.940695366707719839e-03
-2.060822985086821491e-03
8.047514325356835974e-02
-2.879020121165178775e-02
-3.381198998090725709e-03
6.521211500502924760e-04
-3.488430233888900698e-03
1.237294726216189725e-03
-4.515168563882341821e-03
8.789576914360867519e-04
-3.668518242160047609e-03
1.089620503807796070e-01
-3.785482165194949122e-02
-1.863716710433958477e-03
2.315075102959554716e-03
-3.141363167260467510e-03
9.247470101050621468e-04
-3.298702643125034275e-03
4.439471190080191559e-03
1.023378640014847157e-01
-3.543245136977833665e-02
-1.150065656304259318e-02
7.592401809919842055e-04
4.114707687601614101e-03
-1.692434401223151747e-03
-1.461507921979183231e-03
1.116099129184032895e-01
-3.745450487061788292e-02
1.649190624052320701e-03
-1.151678956847868550e-02
5.001443689178408300e-04
-9.080685022565438032e-04
9.252038424108591230e-02
-3.128346152300900962e-02
-2.049952682810532792e-03
-3.093339357736857569e-03
2.743842605861517014e-03
8.832225110030010595e-02
-2.799345729843083844e-02
-3.520282865000403782e-03
-4.275495596450813902e-03
9.237481974468922385e-02
-2.960505994286300596e-02
-6.697914041166794924e-03
8.179488357198183568e-02
-2.990944184013363469e-02
1.176588624017298051e-01
